
50010000049575
50010000049315
50010000049435
50010000049375
50010000049355
50010000049295
50010000049275
50010000049235
50010000049135
50010000049175
50010000049115
50010000049096
50010000049095
50010000049056
50010000049055
50010000049075
50010000049016
50010000048955
50010000048976
50010000048936
50010000048856
50010000048937
50010000048975
50010000048935
50010000048859
50010000048875
50010000048835
50010000048858
50010000048817
50010000048857
50010000048815
50010000048816
50010000048735
50010000048715
50010000048755
50010000048775
50010000048675
50010000048655
50010000048615
50010000048635
50010000048575
50010000039155
50010000048416
50010000048495
50010000048498
50010000048477
50010000047395
50010000048375
50010000048315
50010000048335
50010000048155
50010000048215
50010000048275
50010000048115
50010000048135
50010000048076
50010000048035
50010000048096
50010000047856
50010000047995
50010000047915
50010000047955
50010000047875
50010000046836
50010000047776
50010000047375
50010000047715
50010000047335
50010000047595
50010000047455
50010000046615
50010000045315
50010000047435
50010000046255
50010000047555
50010000046935
50010000047295
50010000046375
50010000046915
50010000044015
50010000047155
50010000047215
50010000046775
50010000047015
50010000047075
50010000046435
50010000046995
50010000046175
50010000046515
50010000046795
50010000046796
50010000044855
50010000044856
50010000045515
50010000046595
50010000045956
50010000045936
50010000046395
50010000045396
50010000046155
50010000046115
50010000042917
50010000046095
50010000046135
50010000040223
50010000045915
50010000046075
50010000045775
50010000045835
50010000045855
50010000045875
50010000045595
50010000045635
50010000045716
50010000045355
50010000043777
50010000045755
50010000043059
50010000045636
50010000044515
50010000043697
50010000045157
50010000045435
50010000045116
50010000045195
50010000045236
50010000043696
50010000045115
50010000044915
50010000045055
50010000043556
50010000042817
50010000044955
50010000044716
50010000044736
50010000044741
50010000044975
50010000044655
50010000044616
50010000044795
50010000045015
50010000042958
50010000044735
50010000042959
50010000043098
50010000043975
50010000044415
50010000044656
50010000044456
50010000044635
50010000044636
50010000043455
50010000044296
50010000036995
50010000037875
50010000037536
50010000037735
50010000037675
50010000037537
50010000036915
50010000037475
50010000037375
50010000036675
50010000030615
50010000037275
50010000037095
50010000036295
50010000035755
50010000036596
50010000036775
50010000036597
50010000035075
50010000035155
50010000036515
50010000036135
50010000036175
50010000036395
50010000036415
50010000036475
50010000036015
50010000036016
50010000036035
50010000036155
50010000036195
50010000032035
50010000035776
50010000035875
50010000035915
50010000032535
50010000035135
50010000035335
50010000035535
50010000035655
50010000035695
50010000035775
50010000034755
50010000034835
50010000035435
50010000035455
50010000035035
50010000034535
50010000034795
50010000034595
50010000034695
50010000034715
50010000034716
50010000034735
50010000034736
50010000034815
50010000034816
50010000034855
50010000034235
50010000034415
50010000024315
50010000034275
50010000033435
50010000033935
50010000033955
50010000034255
50010000034256
50010000034257
50010000034258
50010000034295
50010000034355
50010000034375
50010000034035
50010000034075
50010000034095
50010000034096
50010000034115
50010000034135
50010000034155
50010000034175
50010000033615
50010000033775
50010000033855
50010000033875
50010000033755
50010000031475
50010000033515
50010000032515
50010000033375
50010000033335
50010000031776
50010000033015
50010000033075
50010000033095
50010000033176
50010000033115
50010000028915
50010000017453
50010000017454
50010000025575
50010000025576
50010000032795
50010000032796
50010000032815
50010000032516
50010000030935
50010000032715
50010000032576
50010000032056
50010000031655
50010000032475
50010000031736
50010000032155
50010000032175
50010000031955
50010000029575
50010000031876
50010000029435
50010000031695
50010000031715
50010000031735
50010000031737
50010000031015
50010000031195
50010000031395
50010000031415
50010000031455
50010000031495
50010000031416
50010000031055
50010000031216
50010000031217
50010000031315
50010000031316
50010000031335
50010000030835
50010000030975
50010000030976
50010000031116
50010000029615
50010000027796
50010000028535
50010000030695
50010000030655
50010000030755
50010000029495
50010000030395
50010000030475
50010000029356
50010000030015
50010000030215
50010000030255
50010000030275
50010000029895
50010000029995
50010000029696
50010000029415
50010000029355
50010000029375
50010000029496
50010000029675
50010000029695
50010000029715
50010000029156
50010000029195
50010000029196
50010000029275
50010000026335
50010000029015
50010000029175
50010000029155
50010000028596
50010000028795
50010000028796
50010000028855
50010000028895
50010000028935
50010000021233
50010000028595
50010000028615
50010000028616
50010000028675
50010000028695
50010000028696
50010000028736
50010000028315
50010000028735
50010000027575
50010000024996
50010000028175
50010000028176
50010000028255
50010000027175
50010000024797
50010000024798
50010000028075
50010000027435
50010000027636
50010000027655
50010000027695
50010000027715
50010000027195
50010000027375
50010000027437
50010000027438
50010000000244
50010000000245
50010000000246
50010000027315
50010000027235
50010000026575
50010000027196
50010000027197
50010000024376
50010000025495
50010000026995
50010000027015
50010000027016
50010000027018
50010000027056
50010000026635
50010000026755
50010000026756
50010000026578
50010000026715
50010000026735
50010000026576
50010000026577
50010000026415
50010000023235
50010000026135
50010000025855
50010000025835
50010000025856
50010000025875
50010000024997
50010000025075
50010000025755
50010000025696
50010000025715
50010000025635
50010000025655
50010000024375
50010000024995
50010000025156
50010000025157
50010000025155
50010000025275
50010000025015
50010000025055
50010000025135
50010000024855
50010000024915
50010000024878
50010000024879
50010000024880
50010000024755
50010000024615
50010000024616
50010000024335
50010000024135
50010000024377
50010000024378
50010000024455
50010000024535
50010000024155
50010000024215
50010000024036
50010000024055
50010000022575
50010000023715
50010000023855
50010000023895
50010000023955
50010000023875
50010000023055
50010000023556
50010000023655
50010000023656
50010000023775
50010000023776
50010000023777
50010000023815
50010000023356
50010000023415
50010000023435
50010000023495
50010000023497
50010000023498
50010000023535
50010000023496
50010000023175
50010000023176
50010000023275
50010000021073
50010000022995
50010000022835
50010000022855
50010000023075
50010000022076
50010000021333
50010000022058
50010000022616
50010000022617
50010000022057
50010000022436
50010000022455
50010000022456
50010000022457
50010000022055
50010000022056
50010000022135
50010000022275
50010000022276
50010000022295
50010000022335
50010000022355
50010000021573
50010000021635
50010000022075
50010000022195
50010000022215
50010000022216
50010000021834
50010000021833
50010000021933
50010000022014
50010000017734
50010000021796
50010000021797
50010000021673
50010000021153
50010000021353
50010000021634
50010000021656
50010000000258
50010000021254
50010000021513
50010000021514
50010000021394
50010000021395
50010000021433
50010000021434
50010000021413
50010000020215
50010000021255
50010000021256
50010000020214
50010000021113
50010000021133
50010000021178
50010000020953
50010000020053
50010000020653
50010000020813
50010000020334
50010000020493
50010000020494
50010000020573
50010000017916
50010000018753
50010000019853
50010000020333
50010000020373
50010000019193
50010000020093
50010000020113
50010000018433
50010000019333
50010000019873
50010000019893
50010000019774
50010000019633
50010000019653
50010000019533
50010000018974
50010000019053
50010000019313
50010000018653
50010000018654
50010000018655
50010000018833
50010000018853
50010000018533
50010000018534
50010000018573
50010000018615
50010000018734
50010000018735
50010000018513
50010000018514
50010000018515
50010000018516
50010000017814
50010000017816
50010000017817
50010000018233
50010000018273
50010000018275
50010000018276
50010000018354
50010000017216
50010000017735
50010000018056
50010000018053
50010000018055
50010000018073
50010000017914
50010000017953
50010000017954
50010000017956
50010000017833
50010000009081
50010000017754
50010000017773
50010000017774
50010000017775
50010000017777
50010000017793
50010000017593
50010000017594
50010000017613
50010000017615
50010000017313
50010000017314
50010000016573
50010000017353
50010000017435
50010000017315
50010000017073
50010000017093
50010000017153
50010000017154
50010000017155
50010000016714
50010000014807
50010000014813
50010000006895
50010000007757
50010000016893
50010000016934
50010000008006
50010000016793
50010000016795
50010000016833
50010000016013
50010000016693
50010000016733
50010000000259
50010000016633
50010000016634
50010000016560
50010000009769
50010000016514
50010000016515
50010000016516
50010000016517
50010000016533
50010000016555
50010000016556
50010000016376
50010000007721
50010000016134
50010000016193
50010000016233
50010000016014
50010000012033
50010000015833
50010000015913
50010000015934
50010000015593
50010000015793
50010000015794
50010000015813
50010000015193
50010000015705
50010000015706
50010000015513
50010000015515
50010000015535
50010000015536
50010000006809
50010000015095
50010000015303
50010000015373
50010000015096
50010000015274
50010000015293
50010000015302
50010000014943
50010000015253
50010000015173
50010000015013
50010000015033
50010000015053
50010000015054
50010000015055
50010000014951
50010000010787
50010000014922
50010000014936
50010000014937
50010000014938
50010000014944
50010000014947
50010000014878
50010000011189
50010000014776
50010000014879
50010000014883
50010000014912
50010000014914
50010000014792
50010000014803
50010000014804
50010000014805
50010000014806
50010000014808
50010000014809
50010000014332
50010000014333
50010000014353
50010000014033
50010000014575
50010000014574
50010000014352
50010000014436
50010000014438
50010000014439
50010000014440
50010000014441
50010000014078
50010000014392
50010000014393
50010000007274
50010000014292
50010000014293
50010000014230
50010000014231
50010000014234
50010000014030
50010000007622
50010000013952
50010000013990
50010000014074
50010000014077
50010000013870
50010000013427
50010000013930
50010000013970
50010000006894
50010000013755
50010000013850
50010000008030
50010000012487
50010000013391
50010000013810
50010000013690
50010000013070
50010000013131
50010000013650
50010000013695
50010000013350
50010000000641
50010000010067
50010000013530
50010000013531
50010000013591
50010000000542
50010000007281
50010000013392
50010000013421
50010000013513
50010000013211
50010000013194
50010000013390
50010000013116
50010000007277
50010000013294
50010000013295
50010000000251
50010000000482
50010000013277
50010000013293
50010000013300
50010000012990
50010000000253
50010000000255
50010000013193
50010000013231
50010000012898
50010000007275
50010000013090
50010000013132
50010000013210
50010000000248
50010000013030
50010000013117
50010000010166
50010000013031
50010000013050
50010000012205
50010000012834
50010000012868
50010000012869
50010000012890
50010000012860
50010000012861
50010000012862
50010000012863
50010000012044
50010000012830
50010000012831
50010000012833
50010000012838
50010000012851
50010000012852
50010000012853
50010000000261
50010000007060
50010000007341
50010000009886
50010000012737
50010000012738
50010000012739
50010000012740
50010000012747
50010000012812
50010000012813
50010000012814
50010000012628
50010000012671
50010000012672
50010000012673
50010000012675
50010000012690
50010000012227
50010000012431
50010000012608
50010000012626
50010000012629
50010000012674
50010000012455
50010000012568
50010000012569
50010000012570
50010000007276
50010000012249
50010000012452
50010000012453
50010000012454
50010000012229
50010000012446
50010000012447
50010000012007
50010000010264
50010000012367
50010000012368
50010000012391
50010000012392
50010000012043
50010000012208
50010000012294
50010000012295
50010000012015
50010000011748
50010000011749
50010000011767
50010000011523
50010000011650
50010000012194
50010000012206
50010000012207
50010000012346
50010000012012
50010000012034
50010000011520
50010000011546
50010000000541
50010000007116
50010000007541
50010000007703
50010000011518
50010000012202
50010000011649
50010000012049
50010000012050
50010000011626
50010000011687
50010000011487
50010000012016
50010000012022
50010000012024
50010000011489
50010000011519
50010000011648
50010000011991
50010000011992
50010000012017
50010000011946
50010000011447
50010000011647
50010000011806
50010000011826
50010000011906
50010000011688
50010000011689
50010000011690
50010000011566
50010000011567
50010000011568
50010000011686
50010000011511
50010000011526
50010000010467
50010000011387
50010000011348
50010000011188
50010000011347
50010000010423
50010000010627
50010000011346
50010000011349
50010000011386
50010000010887
50010000011186
50010000011247
50010000009128
50010000010076
50010000010888
50010000010889
50010000011006
50010000011007
50010000011008
50010000010372
50010000007271
50010000007272
50010000010453
50010000010466
50010000010866
50010000010867
50010000010358
50010000010686
50010000010687
50010000010766
50010000010786
50010000010375
50010000010626
50010000010355
50010000007273
50010000010376
50010000010431
50010000010432
50010000010346
50010000010374
50010000010421
50010000010066
50010000010359
50010000010361
50010000010408
50010000010297
50010000010373
50010000010230
50010000010075
50010000010186
50010000009768
50010000010363
50010000010068
50010000009986
50010000010069
50010000009770
50010000009503
50010000009771
50010000009502
50010000009846
50010000009727
50010000009772
50010000009725
50010000009763
50010000009726
50010000009730
50010000009721
50010000009722
50010000009723
50010000009728
50010000007931
50010000009661
50010000009662
50010000009129
50010000007270
50010000009501
50010000009383
50010000009261
50010000007269
50010000009221
50010000008125
50010000008801
50010000009130
50010000008943
50010000009023
50010000009025
50010000008802
50010000008921
50010000008764
50010000008821
50010000008822
50010000008762
50010000008763
50010000008582
50010000008584
50010000008481
50010000008482
50010000008483
50010000008484
50010000008561
50010000008161
50010000008012
50010000008014
50010000008015
50010000007061
50010000007945
50010000007984
50010000008013
50010000007970
50010000007943
50010000007944
50010000007969
50010000007871
50010000007940
50010000007942
50010000007997
50010000007433
50010000007621
50010000007702
50010000007521
50010000007939
50010000007941
50010000007157
50010000007643
50010000007932
50010000007933
50010000007373
50010000007905
50010000007906
50010000007076
50010000007468
50010000007471
50010000007494
50010000007761
50010000007473
50010000007191
50010000007681
50010000007682
50010000007701
50010000007614
50010000007615
50010000007226
50010000007497
50010000007498
50010000007210
50010000007252
50010000007379
50010000007209
50010000007250
50010000007251
50010000007380
50010000007077
50010000007078
50010000007248
50010000007246
50010000007229
50010000007231
50010000007203
50010000007204
50010000006808
50010000006920
50010000007192
50010000007193
50010000007151
50010000007059
50010000007118
50010000007073
50010000007075
50010000006810
50010000006896
50010000006915
50010000006904
50010000007038
50010000007053
50010000007034
50010000007035
50010000007036
50010000006903
50010000006944
50010000006945
50010000006902
50010000006913
50010000006914
50010000000441
50010000006900
50010000006901
50010000000442
50010000000401
50010000000521
50010000000522
50010000006802
50010000006862
50010000000481
50010000006805
50010000006807
50010000000381
50010000000741
50010000000981
50010000006042
50010000000361
50010000001008
50010000003002
50010000004168
50010000000341
50010000004785
50010000002014
50010000002643
50010000004163
50010000002226
50010000002426
50010000002013
50010000002202
50010000001002
50010000006081
50010000001707
50010000002181
50010000004165
50010000000260
50010000000842
50010000002281
50010000000242
50010000000243
50010000000249
50010000000250
50010000000254
50010000000256
50010000000257
50010000000252
50010000001681
50010000003861
50010000003385
50010000003807
50010000003012
50010000000724
50010000003180
50010000003562
50010000001661
50010000000725
50010000001621
50010000003648
50010000000984
50010000003561
50010000004764
50010000004788
50010000000595
50010000001241
50010000003421
50010000001102
50010000003009
50010000003294
50010000003567
50010000001961
50010000003285
50010000003661
50010000000588
50010000003021
50010000004768
50010000000982
50010000002221
50010000003441
50010000002282
50010000002425
50010000002423
50010000003564
50010000000596
50010000004164
50010000002019
50010000002481
50010000001201
50010000002421
50010000003381
50010000003821
50010000006402
50010000003287
50010000003462
50010000003644
50010000004767
50010000001081
50010000001121
50010000001421
50010000001722
50010000003241
50010000000821
50010000002431
50010000002962
50010000000963
50010000003222
50010000000983
50010000001025
50010000002942
50010000003401
50010000002881
50010000002964
50010000000589
50010000000985
50010000001642
50010000002641
50010000003292
50010000004161
50010000001003
50010000001422
50010000003011
50010000003293
50010000004763
50010000001423
50010000003501
50010000000801
50010000003384
50010000000901
50010000003721
50010000003805
50010000000590
50010000000961
50010000002961
50010000001222
50010000000882
50010000003005
50010000003007
50010000003179
50010000003580
50010000002012
50010000003001
50010000003161
50010000004762
50010000000841
50010000002901
50010000000782
50010000000923
50010000002082
50010000004789
50010000000941
50010000000742
50010000002007
50010000003383
50010000000586
50010000003162
50010000003288
50010000003761
50010000004771
50010000001922
50010000003003
50010000002861
50010000003502
50010000003541
50010000003601
50010000001004
50010000001026
50010000002461
50010000003602
50010000003623
50010000003921
50010000002943
50010000003570
50010000002424
50010000003521
50010000003581
50010000003621
50010000001006
50010000004770
50010000002203
50010000002422
50010000002201
50010000002263
50010000003801
50010000003167
50010000003781
50010000002205
50010000003177
50010000000962
50010000001001
50010000001061
50010000002204
50010000003804
50010000000922
50010000002081
50010000002101
50010000002841
50010000001007
50010000003741
50010000004783
50010000001781
50010000003181
50010000004442
50010000001719
50010000002581
50010000003281
50010000003572
50010000004384
50010000001641
50010000003282
50010000003402
50010000003647
50010000004382
50010000001710
50010000001741
50010000001841
50010000001901
50010000001902
50010000001921
50010000003262
50010000001082
50010000003461
50010000001181
50010000001708
50010000001709
50010000001861
50010000001881
50010000001903
50010000001161
50010000004166
50010000001782
50010000008621
50010000003571
50010000001720
50010000006842
50010000006321
50010000006865
50010000006305
50010000003174
50010000003221
50010000003263
50010000003284
50010000001041
50010000001182
50010000001221
50010000001261
50010000003576
50010000004201
50010000000681
50010000002843
50010000004182
50010000001024
50010000001281
50010000003577
50010000004221
50010000001022
50010000006362
50010000000592
50010000004322
50010000002921
50010000004464
50010000001183
50010000003295
50010000004162
50010000004386
50010000008164
50010000012169
50010000010450
50010000006866
50010000007055
50010000007149
50010000007183
50010000007499
50010000008583
50010000006943
50010000008011
50010000008007
50010000007032
50010000007235
50010000009139
50010000006804
50010000012014
50010000012032
50010000007616
50010000007934
50010000007237
50010000007760
50010000007908
50010000007234
50010000008944
50010000007031
50010000007236
50010000006801
50010000006803
50010000006912
50010000007056
50010000012201
50010000006892
50010000012466
50010000012630